,dose_nM,timeID,StateVar,GFP
0,0.001,1,GREB1,0.9134195834829084
1,0.001,2,GREB1,0.9134365387755736
2,0.001,3,GREB1,0.9136084433864318
3,0.001,4,GREB1,0.9141031025732452
4,0.001,5,GREB1,0.9149974796027714
5,0.001,6,GREB1,0.9162857720681853
6,0.001,7,GREB1,0.9179128748887504
7,0.001,8,GREB1,0.9198017985038887
8,0.001,9,GREB1,0.9218713134319181
9,0.001,10,GREB1,0.9240457148602482
10,0.001,11,GREB1,0.9262596399447451
11,0.001,12,GREB1,0.928459691763256
12,0.001,13,GREB1,0.930604219233151
13,0.001,14,GREB1,0.9326623370360622
14,0.001,15,GREB1,0.9346122885713808
15,0.001,16,GREB1,0.9364399800228441
16,0.001,17,GREB1,0.9381374243010598
17,0.001,18,GREB1,0.9397013984233443
18,0.001,19,GREB1,0.941132362770339
19,0.001,20,GREB1,0.9424333712567343
20,0.001,21,GREB1,0.9436094151490628
21,0.001,22,GREB1,0.9446668153944007
22,0.001,23,GREB1,0.945612540985106
23,0.001,24,GREB1,0.9464540852193829
24,0.001,25,GREB1,0.9471990563488333
25,0.001,26,GREB1,0.9478549919634096
26,0.001,27,GREB1,0.9484292194228718
27,0.001,28,GREB1,0.9489287530841013
28,0.001,29,GREB1,0.9493602327322138
29,0.001,30,GREB1,0.949729895084979
30,0.001,31,GREB1,0.9500435298756976
31,0.001,32,GREB1,0.9503064932362032
32,0.001,33,GREB1,0.9505237328322091
33,0.001,34,GREB1,0.9506997225099272
34,0.001,35,GREB1,0.9508386431995007
35,0.001,36,GREB1,0.9509442419577058
36,0.001,37,GREB1,0.9510199364873302
37,0.001,38,GREB1,0.9510688329293783
38,0.001,39,GREB1,0.9510937378607377
39,0.001,40,GREB1,0.9510971714129013
40,0.001,41,GREB1,0.9510814011713651
41,0.001,42,GREB1,0.9510484707025538
42,0.001,43,GREB1,0.9510002895842229
43,0.001,44,GREB1,0.9509384999048799
44,0.001,45,GREB1,0.9508645987939817
45,0.001,46,GREB1,0.9507799320666285
46,0.001,47,GREB1,0.9506856835817146
47,0.001,48,GREB1,0.9505829731679156
48,0.001,49,GREB1,0.9504727617435491
49,0.001,50,GREB1,0.9503559178081858
50,0.001,51,GREB1,0.9502332251302678
51,0.001,52,GREB1,0.9501053852910332
52,0.001,53,GREB1,0.949973016508332
53,0.001,54,GREB1,0.9498366806487442
54,0.001,55,GREB1,0.9496968735472066
55,0.001,1,PR,0.7941265221263425
56,0.001,2,PR,0.7941276411434142
57,0.001,3,PR,0.7941404710509269
58,0.001,4,PR,0.7941812331897322
59,0.001,5,PR,0.7942622983103488
60,0.001,6,PR,0.7943906305946659
61,0.001,7,PR,0.7945686965115349
62,0.001,8,PR,0.7947956961888485
63,0.001,9,PR,0.7950686286844402
64,0.001,10,PR,0.7953831072526903
65,0.001,11,PR,0.7957339642140115
66,0.001,12,PR,0.796115688148865
67,0.001,13,PR,0.7965227220816247
68,0.001,14,PR,0.7969496818102123
69,0.001,15,PR,0.7973914827549375
70,0.001,16,PR,0.7978434289663471
71,0.001,17,PR,0.7983012554046797
72,0.001,18,PR,0.7987611451468825
73,0.001,19,PR,0.7992197328143439
74,0.001,20,PR,0.7996740821594858
75,0.001,21,PR,0.8001216695414658
76,0.001,22,PR,0.8005603569049764
77,0.001,23,PR,0.8009883487520186
78,0.001,24,PR,0.8014041791638744
79,0.001,25,PR,0.8018066613399165
80,0.001,26,PR,0.8021948686048993
81,0.001,27,PR,0.8025680997820605
82,0.001,28,PR,0.8029258545256043
83,0.001,29,PR,0.8032678052517133
84,0.001,30,PR,0.8035937741968331
85,0.001,31,PR,0.8039037221181571
86,0.001,32,PR,0.8041977113471651
87,0.001,33,PR,0.8044758970828135
88,0.001,34,PR,0.8047385265165895
89,0.001,35,PR,0.8049858941643016
90,0.001,36,PR,0.805218356993742
91,0.001,37,PR,0.8054363125836369
92,0.001,38,PR,0.8056401919696078
93,0.001,39,PR,0.8058304531700611
94,0.001,40,PR,0.80600757264979
95,0.001,41,PR,0.8061720360551788
96,0.001,42,PR,0.8063243371333362
97,0.001,43,PR,0.8064649772655179
98,0.001,44,PR,0.8065944517067538
99,0.001,45,PR,0.8067132544075865
100,0.001,46,PR,0.806821871329867
101,0.001,47,PR,0.806920772257272
102,0.001,48,PR,0.8070104368463704
103,0.001,49,PR,0.8070913159969242
104,0.001,50,PR,0.8071638517001067
105,0.001,51,PR,0.8072284728505432
106,0.001,52,PR,0.8072855936372626
107,0.001,53,PR,0.8073356128904761
108,0.001,54,PR,0.8073789147985077
109,0.001,55,PR,0.8074158674006015
110,0.001,1,TFF1,0.9671812289441968
111,0.001,2,TFF1,0.9674108627540685
112,0.001,3,TFF1,0.9679966296391307
113,0.001,4,TFF1,0.9688143238734618
114,0.001,5,TFF1,0.9697726498002125
115,0.001,6,TFF1,0.9708051816973008
116,0.001,7,TFF1,0.971864271474094
117,0.001,8,TFF1,0.9729163778774487
118,0.001,9,TFF1,0.9739384928878746
119,0.001,10,TFF1,0.974915445914725
120,0.001,11,TFF1,0.9758378351242594
121,0.001,12,TFF1,0.9767004661408188
122,0.001,13,TFF1,0.9775011862417674
123,0.001,14,TFF1,0.9782399802002907
124,0.001,15,TFF1,0.9789183175682094
125,0.001,16,TFF1,0.9795386573045247
126,0.001,17,TFF1,0.9801040837173791
127,0.001,18,TFF1,0.9806180409686988
128,0.001,19,TFF1,0.9810841368737834
129,0.001,20,TFF1,0.9815060085678413
130,0.001,21,TFF1,0.9818872269522756
131,0.001,22,TFF1,0.9822312303537224
132,0.001,23,TFF1,0.9825412850656955
133,0.001,24,TFF1,0.9828204568707771
134,0.001,25,TFF1,0.9830716066425018
135,0.001,26,TFF1,0.9832973791030397
136,0.001,27,TFF1,0.9835002100521525
137,0.001,28,TFF1,0.9836823303779985
138,0.001,29,TFF1,0.9838457782776924
139,0.001,30,TFF1,0.9839924116472398
140,0.001,31,TFF1,0.9841239087630165
141,0.001,32,TFF1,0.9842417974112656
142,0.001,33,TFF1,0.9843474633692624
143,0.001,34,TFF1,0.9844421367502261
144,0.001,35,TFF1,0.984526956517529
145,0.001,36,TFF1,0.984602931787722
146,0.001,37,TFF1,0.9846709752906818
147,0.001,38,TFF1,0.9847319082293775
148,0.001,39,TFF1,0.984786466811538
149,0.001,40,TFF1,0.9848353102160273
150,0.001,41,TFF1,0.9848790341078972
151,0.001,42,TFF1,0.9849181723683937
152,0.001,43,TFF1,0.984953202808059
153,0.001,44,TFF1,0.9849845549968396
154,0.001,45,TFF1,0.9850126142257135
155,0.001,46,TFF1,0.9850377247358552
156,0.001,47,TFF1,0.9850601895614873
157,0.001,48,TFF1,0.9850802947035213
158,0.001,49,TFF1,0.985098285259837
159,0.001,50,TFF1,0.9851143825161828
160,0.001,51,TFF1,0.9851287861313156
161,0.001,52,TFF1,0.9851416747714229
162,0.001,53,TFF1,0.9851532058322442
163,0.001,54,TFF1,0.9851635223862565
164,0.001,55,TFF1,0.9851727506899988
0,0.01,1,GREB1,0.9134195834829084
1,0.01,2,GREB1,0.9141087979705305
2,0.01,3,GREB1,0.9210694788210319
3,0.01,4,GREB1,0.9410269375071495
4,0.01,5,GREB1,0.9771203538333602
5,0.01,6,GREB1,1.029343441389216
6,0.01,7,GREB1,1.0958597077067154
7,0.01,8,GREB1,1.1739972349557888
8,0.01,9,GREB1,1.2608566188972936
9,0.01,10,GREB1,1.3536510186353414
10,0.01,11,GREB1,1.4498817982631729
11,0.01,12,GREB1,1.5474148409168356
12,0.01,13,GREB1,1.644497290244272
13,0.01,14,GREB1,1.7397394637983954
14,0.01,15,GREB1,1.8320783793967497
15,0.01,16,GREB1,1.920733308264532
16,0.01,17,GREB1,2.005159879184764
17,0.01,18,GREB1,2.0850068754084115
18,0.01,19,GREB1,2.160077553820726
19,0.01,20,GREB1,2.2302958707190452
20,0.01,21,GREB1,2.2956783678787764
21,0.01,22,GREB1,2.3563109534410276
22,0.01,23,GREB1,2.412330215258041
23,0.01,24,GREB1,2.4639081669144725
24,0.01,25,GREB1,2.5112406059239736
25,0.01,26,GREB1,2.554537843037469
26,0.01,27,GREB1,2.594017636239163
27,0.01,28,GREB1,2.629899913088502
28,0.01,29,GREB1,2.6624027947558297
29,0.01,30,GREB1,2.691739719319319
30,0.01,31,GREB1,2.7181174197672986
31,0.01,32,GREB1,2.741734537276155
32,0.01,33,GREB1,2.762780730960822
33,0.01,34,GREB1,2.7814362098794594
34,0.01,35,GREB1,2.7978715004375063
35,0.01,36,GREB1,2.8122474297358497
36,0.01,37,GREB1,2.824715265711686
37,0.01,38,GREB1,2.8354169797763804
38,0.01,39,GREB1,2.844485569984044
39,0.01,40,GREB1,2.8520454234014814
40,0.01,41,GREB1,2.858212715098375
41,0.01,42,GREB1,2.8630958156023354
42,0.01,43,GREB1,2.8667957105337343
43,0.01,44,GREB1,2.869406420824682
44,0.01,45,GREB1,2.871015405731682
45,0.01,46,GREB1,2.8717039511416327
46,0.01,47,GREB1,2.87154754500292
47,0.01,48,GREB1,2.8706162384305065
48,0.01,49,GREB1,2.868974991419135
49,0.01,50,GREB1,2.8666840008370813
50,0.01,51,GREB1,2.863799008508278
51,0.01,52,GREB1,2.8603716044614673
52,0.01,53,GREB1,2.856449494905283
53,0.01,54,GREB1,2.8520767656524444
54,0.01,55,GREB1,2.847294128217691
55,0.01,1,PR,0.7941265221263425
56,0.01,2,PR,0.7941719863729356
57,0.01,3,PR,0.7946916688835155
58,0.01,4,PR,0.796337300091929
59,0.01,5,PR,0.7996099747654392
60,0.01,6,PR,0.8048083766290345
61,0.01,7,PR,0.8120665399253741
62,0.01,8,PR,0.8213977978488604
63,0.01,9,PR,0.8327301155929231
64,0.01,10,PR,0.8459329896200015
65,0.01,11,PR,0.8608379712492694
66,0.01,12,PR,0.8772543209604369
67,0.01,13,PR,0.8949808044224733
68,0.01,14,PR,0.9138143750335455
69,0.01,15,PR,0.9335563835321677
70,0.01,16,PR,0.9540168534812608
71,0.01,17,PR,0.9750172710233975
72,0.01,18,PR,0.9963922675769882
73,0.01,19,PR,1.0179904774547677
74,0.01,20,PR,1.03967480885069
75,0.01,21,PR,1.061322281753627
76,0.01,22,PR,1.0828235753358253
77,0.01,23,PR,1.1040823871699075
78,0.01,24,PR,1.1250146658133229
79,0.01,25,PR,1.1455477720109193
80,0.01,26,PR,1.1656196146937157
81,0.01,27,PR,1.1851777830349817
82,0.01,28,PR,1.2041786958119105
83,0.01,29,PR,1.2225867831110024
84,0.01,30,PR,1.240373707822236
85,0.01,31,PR,1.2575176319281962
86,0.01,32,PR,1.2740025309208964
87,0.01,33,PR,1.289817556479409
88,0.01,34,PR,1.304956451070619
89,0.01,35,PR,1.319417006583536
90,0.01,36,PR,1.3332005688492587
91,0.01,37,PR,1.3463115840119744
92,0.01,38,PR,1.3587571893762767
93,0.01,39,PR,1.3705468412107238
94,0.01,40,PR,1.3816919756762973
95,0.01,41,PR,1.3922057049097318
96,0.01,42,PR,1.4021025382325971
97,0.01,43,PR,1.4113981331689147
98,0.01,44,PR,1.4201090789776463
99,0.01,45,PR,1.4282527005646024
100,0.01,46,PR,1.4358468796844863
101,0.01,47,PR,1.4429098970706935
102,0.01,48,PR,1.4494602933614376
103,0.01,49,PR,1.455516746850365
104,0.01,50,PR,1.4610979663213899
105,0.01,51,PR,1.4662225991427713
106,0.01,52,PR,1.470909142184992
107,0.01,53,PR,1.4751758777735293
108,0.01,54,PR,1.4790408112157025
109,0.01,55,PR,1.4825216197827902
110,0.01,1,TFF1,0.9671812289441968
111,0.01,2,TFF1,0.9764946688452519
112,0.01,3,TFF1,1.000008372710103
113,0.01,4,TFF1,1.032543011673069
114,0.01,5,TFF1,1.0704409923989096
115,0.01,6,TFF1,1.1111475603933028
116,0.01,7,TFF1,1.1529002286473644
117,0.01,8,TFF1,1.1945016594020315
118,0.01,9,TFF1,1.2351551854690046
119,0.01,10,TFF1,1.2743467609373036
120,0.01,11,TFF1,1.3117606886649533
121,0.01,12,TFF1,1.3472197489926017
122,0.01,13,TFF1,1.3806427475917602
123,0.01,14,TFF1,1.4120144812078754
124,0.01,15,TFF1,1.4413644724229075
125,0.01,16,TFF1,1.4687519162159015
126,0.01,17,TFF1,1.4942550176031502
127,0.01,18,TFF1,1.5179634549655396
128,0.01,19,TFF1,1.5399730673340795
129,0.01,20,TFF1,1.5603820849771195
130,0.01,21,TFF1,1.579288547575673
131,0.01,22,TFF1,1.5967885310853385
132,0.01,23,TFF1,1.6129749692721569
133,0.01,24,TFF1,1.6279368745690896
134,0.01,25,TFF1,1.64175891245318
135,0.01,26,TFF1,1.6545211650285603
136,0.01,27,TFF1,1.6662990598007341
137,0.01,28,TFF1,1.6771634144749885
138,0.01,29,TFF1,1.687180548746772
139,0.01,30,TFF1,1.6964124481293459
140,0.01,31,TFF1,1.704916959584186
141,0.01,32,TFF1,1.7127480023388988
142,0.01,33,TFF1,1.7199557865207553
143,0.01,34,TFF1,1.726587033744611
144,0.01,35,TFF1,1.7326851922254605
145,0.01,36,TFF1,1.7382906448948574
146,0.01,37,TFF1,1.7434409092739769
147,0.01,38,TFF1,1.7481708266623732
148,0.01,39,TFF1,1.7525127405174274
149,0.01,40,TFF1,1.7564966646270705
150,0.01,41,TFF1,1.7601504402209307
151,0.01,42,TFF1,1.7634998849609025
152,0.01,43,TFF1,1.766568931599061
153,0.01,44,TFF1,1.7693797552895119
154,0.01,45,TFF1,1.771952893105387
155,0.01,46,TFF1,1.774307357133435
156,0.01,47,TFF1,1.7764607399245522
157,0.01,48,TFF1,1.7784293127944637
158,0.01,49,TFF1,1.7802281174964845
159,0.01,50,TFF1,1.781871051751841
160,0.01,51,TFF1,1.7833709485394276
161,0.01,52,TFF1,1.784739653899012
162,0.01,53,TFF1,1.7859880940450197
163,0.01,54,TFF1,1.787126341879641
164,0.01,55,TFF1,1.7881636779471743
0,0.1,1,GREB1,0.9134195834829084
1,0.1,2,GREB1,0.9158197813147727
2,0.1,3,GREB1,0.9397184314485019
3,0.1,4,GREB1,1.0074935662739402
4,0.1,5,GREB1,1.1295216253565683
5,0.1,6,GREB1,1.3063078469407627
6,0.1,7,GREB1,1.5324939033641574
7,0.1,8,GREB1,1.799656526782417
8,0.1,9,GREB1,2.0982174955639015
9,0.1,10,GREB1,2.418753869541108
10,0.1,11,GREB1,2.752789815545864
11,0.1,12,GREB1,3.0931631426731214
12,0.1,13,GREB1,3.434101011665272
13,0.1,14,GREB1,3.7711313400590787
14,0.1,15,GREB1,4.100920502161652
15,0.1,16,GREB1,4.421089852356696
16,0.1,17,GREB1,4.7300383665461965
17,0.1,18,GREB1,5.02678415232287
18,0.1,19,GREB1,5.310827223762804
19,0.1,20,GREB1,5.582034264880823
20,0.1,21,GREB1,5.8405434912143015
21,0.1,22,GREB1,6.086686873524634
22,0.1,23,GREB1,6.320929069495963
23,0.1,24,GREB1,6.543817917331052
24,0.1,25,GREB1,6.755947012309948
25,0.1,26,GREB1,6.9579270450154365
26,0.1,27,GREB1,7.15036479010917
27,0.1,28,GREB1,7.333847962008877
28,0.1,29,GREB1,7.508935141792395
29,0.1,30,GREB1,7.676149261687814
30,0.1,31,GREB1,7.835973923638459
31,0.1,32,GREB1,7.988852068571881
32,0.1,33,GREB1,8.135186117950218
33,0.1,34,GREB1,8.275339209920517
34,0.1,35,GREB1,8.409637181735542
35,0.1,36,GREB1,8.538371127611363
36,0.1,37,GREB1,8.661800159282965
37,0.1,38,GREB1,8.780154252881674
38,0.1,39,GREB1,8.893637122686346
39,0.1,40,GREB1,9.002429019638225
40,0.1,41,GREB1,9.106689415679867
41,0.1,42,GREB1,9.206559505314397
42,0.1,43,GREB1,9.302164520094673
43,0.1,44,GREB1,9.393615852446198
44,0.1,45,GREB1,9.481013020351599
45,0.1,46,GREB1,9.5644454389591
46,0.1,47,GREB1,9.643994007173768
47,0.1,48,GREB1,9.719732531725471
48,0.1,49,GREB1,9.791729005291492
49,0.1,50,GREB1,9.860046748334234
50,0.1,51,GREB1,9.9247454207579
51,0.1,52,GREB1,9.985881910306478
52,0.1,53,GREB1,10.043511115586233
53,0.1,54,GREB1,10.097686616593071
54,0.1,55,GREB1,10.148461289982524
55,0.1,1,PR,0.7941265221263425
56,0.1,2,PR,0.7942849383796978
57,0.1,3,PR,0.7960712528380964
58,0.1,4,PR,0.8016701924587727
59,0.1,5,PR,0.8127565443319922
60,0.1,6,PR,0.8303743964579099
61,0.1,7,PR,0.8550469903794303
62,0.1,8,PR,0.8868867262099193
63,0.1,9,PR,0.9256974228874397
64,0.1,10,PR,0.9710698210628113
65,0.1,11,PR,1.0224622549245856
66,0.1,12,PR,1.0792618803017524
67,0.1,13,PR,1.1408278397753053
68,0.1,14,PR,1.2065204226500155
69,0.1,15,PR,1.2757202322936376
70,0.1,16,PR,1.3478404685383896
71,0.1,17,PR,1.4223343924304628
72,0.1,18,PR,1.49869934833836
73,0.1,19,PR,1.5764783940937606
74,0.1,20,PR,1.6552601510807272
75,0.1,21,PR,1.7346774296391527
76,0.1,22,PR,1.8144049918208136
77,0.1,23,PR,1.8941567925674805
78,0.1,24,PR,1.9736828934635902
79,0.1,25,PR,2.0527662536627296
80,0.1,26,PR,2.1312195144079946
81,0.1,27,PR,2.2088818790632763
82,0.1,28,PR,2.2856161459385382
83,0.1,29,PR,2.361305943697703
84,0.1,30,PR,2.435853185419589
85,0.1,31,PR,2.509175744962067
86,0.1,32,PR,2.5812053724268025
87,0.1,33,PR,2.651885827350444
88,0.1,34,PR,2.7211712223381483
89,0.1,35,PR,2.7890245504015727
90,0.1,36,PR,2.855416412182129
91,0.1,37,PR,2.9203239009478748
92,0.1,38,PR,2.9837296283408103
93,0.1,39,PR,3.045620884105522
94,0.1,40,PR,3.105988906401666
95,0.1,41,PR,3.1648282734240647
96,0.1,42,PR,3.22213638293595
97,0.1,43,PR,3.2779130052803227
98,0.1,44,PR,3.332159908236686
99,0.1,45,PR,3.384880537215546
100,0.1,46,PR,3.436079759880771
101,0.1,47,PR,3.4857636551308984
102,0.1,48,PR,3.5339393404806083
103,0.1,49,PR,3.5806148312586585
104,0.1,50,PR,3.6257989289476997
105,0.1,51,PR,3.6695011354861613
106,0.1,52,PR,3.711731589497416
107,0.1,53,PR,3.7525010189665045
108,0.1,54,PR,3.7918207100792274
109,0.1,55,PR,3.829702482546772
110,0.1,1,TFF1,0.9671812289441968
111,0.1,2,TFF1,0.999331252227145
112,0.1,3,TFF1,1.0781955149978546
113,0.1,4,TFF1,1.184429164429012
114,0.1,5,TFF1,1.3055490682687323
115,0.1,6,TFF1,1.433620367688755
116,0.1,7,TFF1,1.5636758912356394
117,0.1,8,TFF1,1.6926543052787073
118,0.1,9,TFF1,1.8187026159134765
119,0.1,10,TFF1,1.9407294669868977
120,0.1,11,TFF1,2.0581258451614457
121,0.1,12,TFF1,2.1705928867230333
122,0.1,13,TFF1,2.278035519196029
123,0.1,14,TFF1,2.380495306857265
124,0.1,15,TFF1,2.4781063151595224
125,0.1,16,TFF1,2.57106449278609
126,0.1,17,TFF1,2.659605423388229
127,0.1,18,TFF1,2.7439877026780315
128,0.1,19,TFF1,2.8244801571236944
129,0.1,20,TFF1,2.901352231724644
130,0.1,21,TFF1,2.974866842490688
131,0.1,22,TFF1,3.0452752642913614
132,0.1,23,TFF1,3.112813765669778
133,0.1,24,TFF1,3.1777014744009198
134,0.1,25,TFF1,3.240139373452974
135,0.1,26,TFF1,3.3003100638911906
136,0.1,27,TFF1,3.3583781247664835
137,0.1,28,TFF1,3.414490867541633
138,0.1,29,TFF1,3.4687793795373794
139,0.1,30,TFF1,3.5213597116785014
140,0.1,31,TFF1,3.572334145750385
141,0.1,32,TFF1,3.6217924867176174
142,0.1,33,TFF1,3.6698133242257507
143,0.1,34,TFF1,3.7164652395512907
144,0.1,35,TFF1,3.7618079461705163
145,0.1,36,TFF1,3.8058933433305433
146,0.1,37,TFF1,3.848766484005133
147,0.1,38,TFF1,3.8904664589572233
148,0.1,39,TFF1,3.931027196951912
149,0.1,40,TFF1,3.9704781920520333
150,0.1,41,TFF1,4.008845143775673
151,0.1,42,TFF1,4.046150530939623
152,0.1,43,TFF1,4.08241412732107
153,0.1,44,TFF1,4.117653460448212
154,0.1,45,TFF1,4.151884224321046
155,0.1,46,TFF1,4.18512063451447
156,0.1,47,TFF1,4.217375745334999
157,0.1,48,TFF1,4.24866172944027
158,0.1,49,TFF1,4.27899012519873
159,0.1,50,TFF1,4.308372053301288
160,0.1,51,TFF1,4.336818404706924
161,0.1,52,TFF1,4.364340002678781
162,0.1,53,TFF1,4.390947743262869
163,0.1,54,TFF1,4.416652712483683
164,0.1,55,TFF1,4.441466291773102
0,1.0,1,GREB1,0.9134195834829084
1,1.0,2,GREB1,0.9166393149159621
2,1.0,3,GREB1,0.9484599173352176
3,1.0,4,GREB1,1.038123071241542
4,1.0,5,GREB1,1.198838897096706
5,1.0,6,GREB1,1.430841442674337
6,1.0,7,GREB1,1.7264703791653124
7,1.0,8,GREB1,2.0738412587510577
8,1.0,9,GREB1,2.459595579269211
9,1.0,10,GREB1,2.870835742288489
10,1.0,11,GREB1,3.296224843380169
11,1.0,12,GREB1,3.726418958885375
12,1.0,13,GREB1,4.154086963641898
13,1.0,14,GREB1,4.573726133086275
14,1.0,15,GREB1,4.981401271548013
15,1.0,16,GREB1,5.374472999895432
16,1.0,17,GREB1,5.75134413241782
17,1.0,18,GREB1,6.111235082878277
18,1.0,19,GREB1,6.453990163675371
19,1.0,20,GREB1,6.779915971981455
20,1.0,21,GREB1,7.089647151533131
21,1.0,22,GREB1,7.384037476462306
22,1.0,23,GREB1,7.66407434695796
23,1.0,24,GREB1,7.930811652050984
24,1.0,25,GREB1,8.185319690615227
25,1.0,26,GREB1,8.428648013937798
26,1.0,27,GREB1,8.661800253608508
27,1.0,28,GREB1,8.885717260500545
28,1.0,29,GREB1,9.101266502845972
29,1.0,30,GREB1,9.309237695622551
30,1.0,31,GREB1,9.510341810411123
31,1.0,32,GREB1,9.705212093760004
32,1.0,33,GREB1,9.894408368446138
33,1.0,34,GREB1,10.078421220810355
34,1.0,35,GREB1,10.257677688046433
35,1.0,36,GREB1,10.432546641126716
36,1.0,37,GREB1,10.603344553590889
37,1.0,38,GREB1,10.770341129861505
38,1.0,39,GREB1,10.93376425390411
39,1.0,40,GREB1,11.09380512671289
40,1.0,41,GREB1,11.250622042861485
41,1.0,42,GREB1,11.404345337039455
42,1.0,43,GREB1,11.555080554367395
43,1.0,44,GREB1,11.70291145046909
44,1.0,45,GREB1,11.84790286137945
45,1.0,46,GREB1,11.99010447465953
46,1.0,47,GREB1,12.12955158836328
47,1.0,48,GREB1,12.266266952939478
48,1.0,49,GREB1,12.400263936960549
49,1.0,50,GREB1,12.531546823758358
50,1.0,51,GREB1,12.660112248418898
51,1.0,52,GREB1,12.785951199391711
52,1.0,53,GREB1,12.909049152452054
53,1.0,54,GREB1,13.029387443535889
54,1.0,55,GREB1,13.146943617366757
55,1.0,1,PR,0.7941265221263425
56,1.0,2,PR,0.7943390883269127
57,1.0,3,PR,0.7967189556049354
58,1.0,4,PR,0.8041338475520504
59,1.0,5,PR,0.8187558966247929
60,1.0,6,PR,0.8419186810052454
61,1.0,7,PR,0.8742479261002088
62,1.0,8,PR,0.9158021994914
63,1.0,9,PR,0.9662231904621131
64,1.0,10,PR,1.0248800928121455
65,1.0,11,PR,1.0909863330178982
66,1.0,12,PR,1.1636827941459311
67,1.0,13,PR,1.2420934483720223
68,1.0,14,PR,1.3253615743201828
69,1.0,15,PR,1.412672987334833
70,1.0,16,PR,1.5032704648873745
71,1.0,17,PR,1.5964619956013684
72,1.0,18,PR,1.69162455275143
73,1.0,19,PR,1.7882045994931979
74,1.0,20,PR,1.8857162105538812
75,1.0,21,PR,1.9837376301185097
76,1.0,22,PR,2.081906611993223
77,1.0,23,PR,2.1799153821424277
78,1.0,24,PR,2.2775051680528184
79,1.0,25,PR,2.3744607529160153
80,1.0,26,PR,2.4706051975990424
81,1.0,27,PR,2.565794938032676
82,1.0,28,PR,2.6599152098080627
83,1.0,29,PR,2.752875847302428
84,1.0,30,PR,2.8446075821236483
85,1.0,31,PR,2.9350586562550314
86,1.0,32,PR,3.024192066067438
87,1.0,33,PR,3.1119828157645366
88,1.0,34,PR,3.1984158200108594
89,1.0,35,PR,3.2834839792566255
90,1.0,36,PR,3.3671865534509453
91,1.0,37,PR,3.4495277910114006
92,1.0,38,PR,3.530515731428181
93,1.0,39,PR,3.610161249738379
94,1.0,40,PR,3.6884772226848086
95,1.0,41,PR,3.7654778711899066
96,1.0,42,PR,3.8411781463880676
97,1.0,43,PR,3.9155933190903864
98,1.0,44,PR,3.988738575807338
99,1.0,45,PR,4.0606287232929175
100,1.0,46,PR,4.131277978053881
101,1.0,47,PR,4.2006997416999345
102,1.0,48,PR,4.268906526259593
103,1.0,49,PR,4.335909834133122
104,1.0,50,PR,4.401720035469161
105,1.0,51,PR,4.466346377850617
106,1.0,52,PR,4.5297969803776
107,1.0,53,PR,4.592078804954345
108,1.0,54,PR,4.653197715519834
109,1.0,55,PR,4.713158412363358
110,1.0,1,TFF1,0.9671812289441968
111,1.0,2,TFF1,1.0101137463217096
112,1.0,3,TFF1,1.1138454534710276
113,1.0,4,TFF1,1.2515185678323768
114,1.0,5,TFF1,1.4064527918151943
115,1.0,6,TFF1,1.568459622013517
116,1.0,7,TFF1,1.731416859358913
117,1.0,8,TFF1,1.8917009759045211
118,1.0,9,TFF1,2.0472037952931164
119,1.0,10,TFF1,2.196737828310183
120,1.0,11,TFF1,2.3396874370481098
121,1.0,12,TFF1,2.475806440922033
122,1.0,13,TFF1,2.60509766737914
123,1.0,14,TFF1,2.727736643953314
124,1.0,15,TFF1,2.8440188098909926
125,1.0,16,TFF1,2.9543199860085783
126,1.0,17,TFF1,3.059065314085216
127,1.0,18,TFF1,3.158704580718592
128,1.0,19,TFF1,3.253692854081336
129,1.0,20,TFF1,3.344475918737106
130,1.0,21,TFF1,3.431479640853467
131,1.0,22,TFF1,3.5151029114329875
132,1.0,23,TFF1,3.5957132820703213
133,1.0,24,TFF1,3.6736449036215206
134,1.0,25,TFF1,3.7491981204927516
135,1.0,26,TFF1,3.822640237158216
136,1.0,27,TFF1,3.894207122029869
137,1.0,28,TFF1,3.964105305287069
138,1.0,29,TFF1,4.032514372407785
139,1.0,30,TFF1,4.099589456733977
140,1.0,31,TFF1,4.165463791216441
141,1.0,32,TFF1,4.230250900109272
142,1.0,33,TFF1,4.294047105565686
143,1.0,34,TFF1,4.356933433525996
144,1.0,35,TFF1,4.418977557530184
145,1.0,36,TFF1,4.480235478620862
146,1.0,37,TFF1,4.540753032839952
147,1.0,38,TFF1,4.600567273516158
148,1.0,39,TFF1,4.65970759825223
149,1.0,40,TFF1,4.718196834749245
150,1.0,41,TFF1,4.776052042072724
151,1.0,42,TFF1,4.833285461260479
152,1.0,43,TFF1,4.889905082735143
153,1.0,44,TFF1,4.945915277650786
154,1.0,45,TFF1,5.0013173177182
155,1.0,46,TFF1,5.056109862986709
156,1.0,47,TFF1,5.110289314147978
157,1.0,48,TFF1,5.16385009087003
158,1.0,49,TFF1,5.216785033169774
159,1.0,50,TFF1,5.269085644531967
160,1.0,51,TFF1,5.320742277127578
161,1.0,52,TFF1,5.371744361286749
162,1.0,53,TFF1,5.422080590421549
163,1.0,54,TFF1,5.471739083783856
164,1.0,55,TFF1,5.52070747775793
0,10.0,1,GREB1,0.9134195834829084
1,10.0,2,GREB1,0.9179825270870089
2,10.0,3,GREB1,0.9624932877666719
3,10.0,4,GREB1,1.0864154904783294
4,10.0,5,GREB1,1.3063101417347867
5,10.0,6,GREB1,1.6205081726781743
6,10.0,7,GREB1,2.0159873759289737
7,10.0,8,GREB1,2.473899827375626
8,10.0,9,GREB1,2.974056714965451
9,10.0,10,GREB1,3.4978919051301833
10,10.0,11,GREB1,4.029875816108055
11,10.0,12,GREB1,4.557867507025992
12,10.0,13,GREB1,5.0729173903213605
13,10.0,14,GREB1,5.568847652179605
14,10.0,15,GREB1,6.041775454182444
15,10.0,16,GREB1,6.4896494762286165
16,10.0,17,GREB1,6.911830946362553
17,10.0,18,GREB1,7.308728142408014
18,10.0,19,GREB1,7.681487991249683
19,10.0,20,GREB1,8.0317431416693
20,10.0,21,GREB1,8.361410765156696
21,10.0,22,GREB1,8.67253762445024
22,10.0,23,GREB1,8.967185266441055
23,10.0,24,GREB1,9.247348712950824
24,10.0,25,GREB1,9.514902324302133
25,10.0,26,GREB1,9.77156700455526
26,10.0,27,GREB1,10.01889365733695
27,10.0,28,GREB1,10.258258342930803
28,10.0,29,GREB1,10.49086600456176
29,10.0,30,GREB1,10.717759621004127
30,10.0,31,GREB1,10.939832575675924
31,10.0,32,GREB1,11.15784290038079
32,10.0,33,GREB1,11.372428179408478
33,10.0,34,GREB1,11.584120049792128
34,10.0,35,GREB1,11.79335805354552
35,10.0,36,GREB1,12.000502476682716
36,10.0,37,GREB1,12.20584596937831
37,10.0,38,GREB1,12.409623817600751
38,10.0,39,GREB1,12.612023005362632
39,10.0,40,GREB1,12.813190078589706
40,10.0,41,GREB1,13.013237975049394
41,10.0,42,GREB1,13.212251774759444
42,10.0,43,GREB1,13.410293609484269
43,10.0,44,GREB1,13.607406771766229
44,10.0,45,GREB1,13.803619218879732
45,10.0,46,GREB1,13.998946440748322
46,10.0,47,GREB1,14.19339382170929
47,10.0,48,GREB1,14.38695861712937
48,10.0,49,GREB1,14.57963157261734
49,10.0,50,GREB1,14.77139826824328
50,10.0,51,GREB1,14.962240207940866
51,10.0,52,GREB1,15.152135670409928
52,10.0,53,GREB1,15.34106040565721
53,10.0,54,GREB1,15.528988207336617
54,10.0,55,GREB1,15.715891371073372
55,10.0,1,PR,0.7941265221263425
56,10.0,2,PR,0.7944279136848214
57,10.0,3,PR,0.7977603583342009
58,10.0,4,PR,0.808028039060447
59,10.0,5,PR,0.8280928582352671
60,10.0,6,PR,0.859599956709979
61,10.0,7,PR,0.903143538914058
62,10.0,8,PR,0.9584906797171088
63,10.0,9,PR,1.0248466243458263
64,10.0,10,PR,1.1010941361603248
65,10.0,11,PR,1.185967539916501
66,10.0,12,PR,1.278165741063595
67,10.0,13,PR,1.3764227233160122
68,10.0,14,PR,1.479550901196169
69,10.0,15,PR,1.5864668159822832
70,10.0,16,PR,1.6962043764120178
71,10.0,17,PR,1.807919469512777
72,10.0,18,PR,1.920888177764415
73,10.0,19,PR,2.034500615336417
74,10.0,20,PR,2.148251949828132
75,10.0,21,PR,2.2617318413351337
76,10.0,22,PR,2.374613255242419
77,10.0,23,PR,2.486641325649166
78,10.0,24,PR,2.5976227441702755
79,10.0,25,PR,2.7074159609681288
80,10.0,26,PR,2.815922356594575
81,10.0,27,PR,2.9230784478233707
82,10.0,28,PR,3.0288491006262035
83,10.0,29,PR,3.13322173061625
84,10.0,30,PR,3.236201394364072
85,10.0,31,PR,3.3378066619821363
86,10.0,32,PR,3.438066193845497
87,10.0,33,PR,3.5370159764873557
88,10.0,34,PR,3.634697030961202
89,10.0,35,PR,3.731153576943324
90,10.0,36,PR,3.8264315723194553
91,10.0,37,PR,3.9205775798602875
92,10.0,38,PR,4.013637888943863
93,10.0,39,PR,4.105657826186716
94,10.0,40,PR,4.196681252295829
95,10.0,41,PR,4.286750193602228
96,10.0,42,PR,4.375904594500763
97,10.0,43,PR,4.464182148762546
98,10.0,44,PR,4.551618205487961
99,10.0,45,PR,4.638245725123757
100,10.0,46,PR,4.724095282604813
101,10.0,47,PR,4.8091951020431125
102,10.0,48,PR,4.893571112497086
103,10.0,49,PR,4.977247021626161
104,10.0,50,PR,5.060244400796943
105,10.0,51,PR,5.142582778022392
106,10.0,52,PR,5.224279737475388
107,10.0,53,PR,5.305351019783938
108,10.0,54,PR,5.385810621639918
109,10.0,55,PR,5.465670893723526
110,10.0,1,TFF1,0.9671812289441968
111,10.0,2,TFF1,1.0275496259963661
112,10.0,3,TFF1,1.1695863011501968
113,10.0,4,TFF1,1.3531313416731572
114,10.0,5,TFF1,1.554711199227021
115,10.0,6,TFF1,1.7608683140931203
116,10.0,7,TFF1,1.9640344648359975
117,10.0,8,TFF1,2.160033620230278
118,10.0,9,TFF1,2.3466356956728203
119,10.0,10,TFF1,2.5227584809076267
120,10.0,11,TFF1,2.688037356850415
121,10.0,12,TFF1,2.8425852779768452
122,10.0,13,TFF1,2.986844114211178
123,10.0,14,TFF1,3.1214791670135327
124,10.0,15,TFF1,3.247296695052737
125,10.0,16,TFF1,3.365177585978503
126,10.0,17,TFF1,3.4760246042196092
127,10.0,18,TFF1,3.580722585478558
128,10.0,19,TFF1,3.680110267765312
129,10.0,20,TFF1,3.7749621150166854
130,10.0,21,TFF1,3.8659782829320375
131,10.0,22,TFF1,3.9537807893896932
132,10.0,23,TFF1,4.038914200971673
133,10.0,24,TFF1,4.121849345188888
134,10.0,25,TFF1,4.20298888401859
135,10.0,26,TFF1,4.282673885656977
136,10.0,27,TFF1,4.361190742006213
137,10.0,28,TFF1,4.438778008226121
138,10.0,29,TFF1,4.515632880418078
139,10.0,30,TFF1,4.591917144081757
140,10.0,31,TFF1,4.667762532349422
141,10.0,32,TFF1,4.74327546575195
142,10.0,33,TFF1,4.818541143169992
143,10.0,34,TFF1,4.893627104219835
144,10.0,35,TFF1,4.96858626427613
145,10.0,36,TFF1,5.043459486711303
146,10.0,37,TFF1,5.1182777261201915
147,10.0,38,TFF1,5.193063817533341
148,10.0,39,TFF1,5.267833991109117
149,10.0,40,TFF1,5.3425991122587195
150,10.0,41,TFF1,5.417365710424118
151,10.0,42,TFF1,5.4921368090726865
152,10.0,43,TFF1,5.56691261720602
153,10.0,44,TFF1,5.641691087691545
154,10.0,45,TFF1,5.716468378085281
155,10.0,46,TFF1,5.791239215744698
156,10.0,47,TFF1,5.865997192327067
157,10.0,48,TFF1,5.940735004301192
158,10.0,49,TFF1,6.015444643564873
159,10.0,50,TFF1,6.090117551614134
160,10.0,51,TFF1,6.164744741819946
161,10.0,52,TFF1,6.2393168904995635
162,10.0,53,TFF1,6.313824409651488
163,10.0,54,TFF1,6.388257504780062
164,10.0,55,TFF1,6.46260621937901
0,100.0,1,GREB1,0.9134195834829084
1,100.0,2,GREB1,0.9209624666985471
2,100.0,3,GREB1,0.9921913199239486
3,100.0,4,GREB1,1.1842598653708383
4,100.0,5,GREB1,1.5146983110531518
5,100.0,6,GREB1,1.9709916313261993
6,100.0,7,GREB1,2.523315681724334
7,100.0,8,GREB1,3.1361662580737035
8,100.0,9,GREB1,3.776701193923551
9,100.0,10,GREB1,4.418646351657829
10,100.0,11,GREB1,5.043052910840361
11,100.0,12,GREB1,5.637556329472606
12,100.0,13,GREB1,6.195139439936583
13,100.0,14,GREB1,6.712853315271531
14,100.0,15,GREB1,7.190668983302766
15,100.0,16,GREB1,7.630520559115557
16,100.0,17,GREB1,8.035545892387285
17,100.0,18,GREB1,8.409511817427711
18,100.0,19,GREB1,8.756399819501057
19,100.0,20,GREB1,9.08012306829761
20,100.0,21,GREB1,9.384347540800743
21,100.0,22,GREB1,9.67239037018925
22,100.0,23,GREB1,9.947174465182055
23,100.0,24,GREB1,10.211221253393958
24,100.0,25,GREB1,10.466667965042232
25,100.0,26,GREB1,10.715298900396045
26,100.0,27,GREB1,10.95858431602879
27,100.0,28,GREB1,11.197721118336636
28,100.0,29,GREB1,11.43367327184116
29,100.0,30,GREB1,11.667208671106135
30,100.0,31,GREB1,11.89893187288622
31,100.0,32,GREB1,12.129313980993832
32,100.0,33,GREB1,12.358717578758787
33,100.0,34,GREB1,12.587417745615335
34,100.0,35,GREB1,12.81561954405323
35,100.0,36,GREB1,13.043472589105372
36,100.0,37,GREB1,13.27108306169871
37,100.0,38,GREB1,13.49852311142984
38,100.0,39,GREB1,13.725838596595626
39,100.0,40,GREB1,13.953055237793928
40,100.0,41,GREB1,14.180183501748202
41,100.0,42,GREB1,14.407222459055227
42,100.0,43,GREB1,14.634162705541499
43,100.0,44,GREB1,14.860988726190573
44,100.0,45,GREB1,15.087680703261968
45,100.0,46,GREB1,15.314215954897456
46,100.0,47,GREB1,15.540569958977908
47,100.0,48,GREB1,15.766717133020242
48,100.0,49,GREB1,15.992631437938966
49,100.0,50,GREB1,16.21828683144153
50,100.0,51,GREB1,16.443657574221906
51,100.0,52,GREB1,16.668718512851502
52,100.0,53,GREB1,16.893445207528835
53,100.0,54,GREB1,17.117814012799787
54,100.0,55,GREB1,17.341802152297202
55,100.0,1,PR,0.7941265221263425
56,100.0,2,PR,0.7946253360510347
57,100.0,3,PR,0.7999718528128823
58,100.0,4,PR,0.8159651579632071
59,100.0,5,PR,0.8463714408270295
60,100.0,6,PR,0.892763172493455
61,100.0,7,PR,0.954915538147987
62,100.0,8,PR,1.031415101392406
63,100.0,9,PR,1.1202615931166136
64,100.0,10,PR,1.2192855179740816
65,100.0,11,PR,1.326383797745907
66,100.0,12,PR,1.4396388286533468
67,100.0,13,PR,1.5573716841667977
68,100.0,14,PR,1.6781578513123947
69,100.0,15,PR,1.8008208001518093
70,100.0,16,PR,1.9244126517575837
71,100.0,17,PR,2.0481881507591257
72,100.0,18,PR,2.1715761256878943
73,100.0,19,PR,2.2941512471301597
74,100.0,20,PR,2.4156077381235583
75,100.0,21,PR,2.5357360089456997
76,100.0,22,PR,2.6544024504433352
77,100.0,23,PR,2.7715324329326863
78,100.0,24,PR,2.8870962955831256
79,100.0,25,PR,3.001097966817981
80,100.0,26,PR,3.1135658860090882
81,100.0,27,PR,3.2245457912057036
82,100.0,28,PR,3.3340951420534624
83,100.0,29,PR,3.4422787368247683
84,100.0,30,PR,3.549165530925729
85,100.0,31,PR,3.6548261465399072
86,100.0,32,PR,3.759331050451878
87,100.0,33,PR,3.8627492345599537
88,100.0,34,PR,3.965147346259955
89,100.0,35,PR,4.066589052369248
90,100.0,36,PR,4.167134649237092
91,100.0,37,PR,4.266840854370873
92,100.0,38,PR,4.365760723094921
93,100.0,39,PR,4.463943644031442
94,100.0,40,PR,4.561435414620975
95,100.0,41,PR,4.658278357540797
96,100.0,42,PR,4.754511465764648
97,100.0,43,PR,4.850170572170566
98,100.0,44,PR,4.945288527161178
99,100.0,45,PR,5.039895379369263
100,100.0,46,PR,5.134018556940701
101,100.0,47,PR,5.227683046577122
102,100.0,48,PR,5.320911566519053
103,100.0,49,PR,5.413724731804865
104,100.0,50,PR,5.5061412110687575
105,100.0,51,PR,5.598177873979928
106,100.0,52,PR,5.689849934479485
107,100.0,53,PR,5.781171081014675
108,100.0,54,PR,5.872153597544591
109,100.0,55,PR,5.962808477932612
110,100.0,1,TFF1,0.9671812289441968
111,100.0,2,TFF1,1.0650692884252337
112,100.0,3,TFF1,1.2807577593483148
113,100.0,4,TFF1,1.5415772512252182
114,100.0,5,TFF1,1.8110137942184987
115,100.0,6,TFF1,2.0714865207239126
116,100.0,7,TFF1,2.3151111665267234
117,100.0,8,TFF1,2.5388938777599894
118,100.0,9,TFF1,2.7423513653206455
119,100.0,10,TFF1,2.926349371246269
120,100.0,11,TFF1,3.092496116303267
121,100.0,12,TFF1,3.2427802545299818
122,100.0,13,TFF1,3.3793298409391364
123,100.0,14,TFF1,3.504247124270695
124,100.0,15,TFF1,3.619500756634149
125,100.0,16,TFF1,3.726863496168701
126,100.0,17,TFF1,3.8278841445826166
127,100.0,18,TFF1,3.9238837581366632
128,100.0,19,TFF1,4.015967380612086
129,100.0,20,TFF1,4.105044561748381
130,100.0,21,TFF1,4.1918537568828205
131,100.0,22,TFF1,4.27698747097289
132,100.0,23,TFF1,4.360916131913649
133,100.0,24,TFF1,4.444009634507885
134,100.0,25,TFF1,4.526556139762736
135,100.0,26,TFF1,4.608778031072273
136,100.0,27,TFF1,4.6908453003435175
137,100.0,28,TFF1,4.772886458436051
138,100.0,29,TFF1,4.854997607461709
139,100.0,30,TFF1,4.9372493479584945
140,100.0,31,TFF1,5.019692571796339
141,100.0,32,TFF1,5.102363075430808
142,100.0,33,TFF1,5.185285064960866
143,100.0,34,TFF1,5.26847389311738
144,100.0,35,TFF1,5.3519382725182085
145,100.0,36,TFF1,5.435681955649484
146,100.0,37,TFF1,5.519705029584777
147,100.0,38,TFF1,5.604004900465775
148,100.0,39,TFF1,5.688577069124887
149,100.0,40,TFF1,5.773415701707726
150,100.0,41,TFF1,5.858514068796563
151,100.0,42,TFF1,5.943864879133586
152,100.0,43,TFF1,6.029460514794643
153,100.0,44,TFF1,6.115293212108055
154,100.0,45,TFF1,6.2013551940527245
155,100.0,46,TFF1,6.2876387690530855
156,100.0,47,TFF1,6.374136393170724
157,100.0,48,TFF1,6.460840712596816
158,100.0,49,TFF1,6.547744593008764
159,100.0,50,TFF1,6.6348411379544725
160,100.0,51,TFF1,6.722123696140098
161,100.0,52,TFF1,6.809585867728797
162,100.0,53,TFF1,6.897221499629299
163,100.0,54,TFF1,6.985024678378561
164,100.0,55,TFF1,7.072989723565247
